SIMPLE  = T
BITPIX  = -64
NAXIS   = 2
NAXIS1  = 3899
NAXIS2  = 3899
CTYPE1  = 'RA---TAN'
CTYPE2  = 'DEC--TAN'
CRVAL1  =  202.484170
CRVAL2  =   47.230560
CRPIX1  = 1950.000000
CRPIX2  = 1950.000000
CDELT1  = -0.000278000
CDELT2  = 0.000278000
CROTA2  =    0.000000
EQUINOX = 2000
MAGZP   =   20.904400
END
